[window]
scalex=19.90625
scaley=19.90625
ypos=72
xpos=42
